0 0.5656653992395437 0.2840625 0.05148288973384038 0.08822916666666665
1 0.1929277566539924 0.39432291666666663 0.05125475285171104 0.08874999999999995
1 0.6195437262357414 0.46677083333333336 0.05163498098859309 0.09281249999999996
1 0.43589353612167303 0.5547395833333334 0.054866920152091284 0.08822916666666665
1 0.1067680608365019 0.3098958333333333 0.04315589353612166 0.08723958333333333
0 0.41551330798479086 0.22182291666666668 0.03334600760456278 0.06380208333333333
0 0.8004562737642585 0.2552604166666666 0.07319391634980989 0.1614583333333333
1 0.2719391634980988 0.3819791666666667 0.039391634980988535 0.07374999999999998
1 0.3366539923954373 0.2676041666666667 0.03524714828897342 0.06531250000000004
1 0.28821292775665397 0.23588541666666665 0.03676806083650185 0.049114583333333295
1 0.6385171102661598 0.265625 0.029087452471482804 0.04911458333333337
1 0.9847908745247148 0.4088541666666667 0.030418250950570342 0.078125
1 0.8296958174904944 0.20833333333333334 0.026882129277566513 0.0625
1 0.812851711026616 0.43078124999999995 0.0561977186311786 0.09375