0 0.046838235294117646 0.14216216216216215 0.057536764705882364 0.1437837837837838
0 0.562095588235294 0.876 0.11948529411764706 0.2419459459459459
0 0.32632352941176473 0.11302702702702702 0.07878676470588238 0.14675675675675676
0 0.6843382352941176 0.3152972972972973 0.12977941176470592 0.24302702702702708
0 0.9125 0.21621621621621623 0.05169117647058824 0.0945945945945946
1 0.366875 0.5307027027027027 0.09113970588235291 0.21718918918918922
0 0.57625 0.28908108108108105 0.12422794117647067 0.20081081081081076
0 0.07544117647058823 0.3051891891891892 0.0683455882352941 0.16913513513513517
1 0.9292279411764706 0.8058918918918919 0.11702205882352945 0.1944864864864866
0 0.2016544117647059 0.3234054054054054 0.08011029411764709 0.12610810810810813
0 0.12378676470588236 0.7823783783783784 0.13595588235294115 0.2472972972972973
0 0.8437867647058823 0.2965405405405405 0.060992647058823436 0.18767567567567567
0 0.509375 0.10210810810810811 0.04165441176470582 0.08108108108108109
0 0.5833823529411765 0.16816216216216215 0.054926470588235285 0.07805405405405404
0 0.2622426470588235 0.18091891891891893 0.06011029411764704 0.08556756756756756