0 0.528025 0.7453 0.07079999999999999 0.0923
0 0.044050000000000006 0.3438 0.060625 0.09926666666666667
0 0.57795 0.8211 0.07342500000000002 0.11186666666666667
0 0.7784749999999999 0.2624666666666666 0.06585000000000008 0.09556666666666662
0 0.2776 0.46203333333333335 0.11697499999999998 0.185
0 0.936325 0.3443333333333333 0.06930000000000007 0.08330000000000003
0 0.8576 0.08253333333333333 0.05550000000000011 0.07113333333333333
0 0.5039 0.4221666666666667 0.06167500000000004 0.09330000000000004
0 0.677975 0.2663 0.062249999999999944 0.08636666666666666
0 0.36815 0.9214000000000001 0.07019999999999996 0.11763333333333321
0 0.488725 0.2637 0.06972499999999997 0.08340000000000003
0 0.2897 0.06480000000000001 0.06792500000000004 0.09623333333333332
1 0.0473 0.0412 0.0608 0.07900000000000001
0 0.6588249999999999 0.4904666666666666 0.05667499999999997 0.07306666666666672
0 0.244125 0.25893333333333335 0.05642499999999998 0.09146666666666665
0 0.14235 0.7041666666666667 0.058575000000000016 0.10853333333333334
1 0.0664 0.4795666666666667 0.05647499999999999 0.0750999999999999
0 0.855475 0.19186666666666669 0.05810000000000002 0.06906666666666667
0 0.9684999999999999 0.6340333333333333 0.06300000000000011 0.09200000000000008
0 0.0955 0.7763 0.07769999999999999 0.12813333333333332
0 0.02415 0.8758 0.048274999999999985 0.13056666666666664
0 0.4974 0.1287 0.062424999999999925 0.07479999999999999
1 0.10625 0.015 0.0425 0.03