1 0.1999 0.19765 0.039975000000000024 0.0989
0 0.0556 0.40985 0.1112 0.15030000000000002
0 0.549975 0.17055 0.03897499999999994 0.07509999999999999
0 0.891125 0.23809999999999998 0.06939999999999998 0.24714999999999995
0 0.7165 0.44884999999999997 0.0514500000000001 0.11114999999999994
0 0.325625 0.25905 0.038225000000000016 0.09179999999999999
0 0.3797 0.2173 0.02487499999999997 0.05935000000000002
0 0.290575 0.2121 0.01602499999999999 0.05969999999999999
0 0.430475 0.7354999999999999 0.12162499999999994 0.10324999999999988
0 0.6308499999999999 0.2637 0.033675 0.08225000000000002
0 0.6884999999999999 0.17095 0.03930000000000007 0.10969999999999999
0 0.41960000000000003 0.2895 0.027275000000000063 0.08225000000000002
1 0.825175 0.2879 0.051374999999999886 0.09195000000000003