0 0.47325 0.28004 0.041749999999999975 0.09348000000000002
0 0.388275 0.32776 0.03532499999999999 0.08
0 0.6028 0.343 0.03370000000000004 0.07088
0 0.180425 0.28644 0.019525000000000004 0.03424000000000001
1 0.34082500000000004 0.29 0.024724999999999966 0.04815999999999997
0 0.5425 0.30744 0.04447500000000005 0.07827999999999997
0 0.7296250000000001 0.35692 0.041175000000000066 0.07960000000000002
1 0.28185 0.29904000000000003 0.03104999999999997 0.052200000000000045
1 0.9174500000000001 0.30216000000000004 0.031274999999999976 0.06496000000000003
1 0.25075 0.31260000000000004 0.015625 0.032600000000000025
1 0.493325 0.30148 0.01927499999999995 0.05184000000000003
1 0.576175 0.33852 0.016474999999999938 0.04
1 0.767825 0.33924 0.018274999999999864 0.08296000000000003
1 0.792825 0.28443999999999997 0.018274999999999864 0.06224000000000001
1 0.066525 0.23556 0.02307500000000001 0.05332000000000002
1 0.9678 0.50148 0.03302500000000009 0.10224000000000001